0.50000000 0.25000000 0.75000000 0.00000000   W
0.50000000 0.27777778 0.72222222 0.13861369
0.50000000 0.30555556 0.69444444 0.27722738
0.50000000 0.33333333 0.66666667 0.41584107
0.50000000 0.36111111 0.63888889 0.55445476
0.50000000 0.38888889 0.61111111 0.69306845
0.50000000 0.41666667 0.58333333 0.83168214
0.50000000 0.44444444 0.55555556 0.97029583
0.50000000 0.47222222 0.52777778 1.10890952
0.50000000 0.50000000 0.50000000 1.24752321   L
0.47727273 0.47727273 0.47727273 1.38050963
0.45454545 0.45454545 0.45454545 1.51349605
0.43181818 0.43181818 0.43181818 1.64648248
0.40909091 0.40909091 0.40909091 1.77946890
0.38636364 0.38636364 0.38636364 1.91245532
0.36363636 0.36363636 0.36363636 2.04544174
0.34090909 0.34090909 0.34090909 2.17842816
0.31818182 0.31818182 0.31818182 2.31141458
0.29545455 0.29545455 0.29545455 2.44440100
0.27272727 0.27272727 0.27272727 2.57738742
0.25000000 0.25000000 0.25000000 2.71037385
0.22727273 0.22727273 0.22727273 2.84336027
0.20454545 0.20454545 0.20454545 2.97634669
0.18181818 0.18181818 0.18181818 3.10933311
0.15909091 0.15909091 0.15909091 3.24231953
0.13636364 0.13636364 0.13636364 3.37530595
0.11363636 0.11363636 0.11363636 3.50829237
0.09090909 0.09090909 0.09090909 3.64127879
0.06818182 0.06818182 0.06818182 3.77426522
0.04545455 0.04545455 0.04545455 3.90725164
0.02272727 0.02272727 0.02272727 4.04023806
0.00000000 0.00000000 0.00000000 4.17322448   G
0.02777778 0.00000000 0.02777778 4.31183817
0.05555556 0.00000000 0.05555556 4.45045186
0.08333333 0.00000000 0.08333333 4.58906555
0.11111111 0.00000000 0.11111111 4.72767924
0.13888889 0.00000000 0.13888889 4.86629293
0.16666667 0.00000000 0.16666667 5.00490662
0.19444444 0.00000000 0.19444444 5.14352031
0.22222222 0.00000000 0.22222222 5.28213400
0.25000000 0.00000000 0.25000000 5.42074769
0.27777778 0.00000000 0.27777778 5.55936138
0.30555556 0.00000000 0.30555556 5.69797507
0.33333333 0.00000000 0.33333333 5.83658876
0.36111111 0.00000000 0.36111111 5.97520245
0.38888889 0.00000000 0.38888889 6.11381614
0.41666667 0.00000000 0.41666667 6.25242983
0.44444444 0.00000000 0.44444444 6.39104352
0.47222222 0.00000000 0.47222222 6.52965721
0.50000000 0.00000000 0.50000000 6.66827090  X
0.50000000 0.03571429 0.53571429 6.79428978
0.50000000 0.07142857 0.57142857 6.92030865
0.50000000 0.10714286 0.60714286 7.04632753
0.50000000 0.14285714 0.64285714 7.17234640
0.50000000 0.17857143 0.67857143 7.29836528
0.50000000 0.21428571 0.71428571 7.42438415
0.50000000 0.25000000 0.75000000 7.55040303  W
0.45833333 0.29166667 0.75000000 7.69742505
0.41666667 0.33333333 0.75000000 7.84444707
0.37500000 0.37500000 0.75000000 7.99146909  K
G =  [0, 0, 0]
L =  [0.5, 0.5, 0.5]
X =  [0.5, 0, 0.5]
W =  [0.5, 0.25, 0.75]
K =  [0.375, 0.375, 0.75]
